317712924415147461851188904995259036144050632486519498191190829028369948658173752768662214305722987381244085113879354748555242709568846980427459643667456874143168204
975778760721175125241201523622662679271995556173589956563804564649772532081265314161920838735469882101743944394811394669974976047608971178583395486407018798015267865
631461533939589736587155114934347124485069966130451928238589304633693378981558173290634027175976952120517336917280237078511687433573337832474763602098565283446331815
740486534807455429373524529638789405795902756776215753062723792919845774434128419914942845795384359129333894745635380332442564748958139498427937724738372764129899248
244177815356986968691420381558121982656084679717533646145378364628383723989046474290544225196358438079404528384125221694631992403312337541776989378640861582629819175
652651557701035956543511240258480635171393959206342795228461773277843463121281689604628477015943180614529244588743224651627211363419315354486831811105358123786327867
153555837347418684984830139484149067902045641147869266786899924760194999284744385140451950191229189216748686922448642788732223433845362516218693692159224991821377204
156892832522780165725373818304459902633565399626360517064444517736311365788282485961576186578388612612186856817589949819282749783849990683136574298981164539429582755
289981431086281443425849721439872021677526738387913655777575413824665737427682885718704431321545533220211012496060484881883717729795639339411621842699868280397837627
544768415681915809069365753552344892761656919117999642186107057722437235524711498576896721843738228173277623649477872711281912034863289269026205192732590507529975558
521410764360122877753681136571532539205080103311487891301144403494509886522895352235952543828037732989298089448713882089894635493769528556565450184286833316128759852
349429328396117112117858989795952856174868049517545617930266331988421931886689782229447931463114190764228563810299464436844418326204119324756154843496986518471763026
797278826690725856871059447266235083996147622119939543306252198544921867366997105199373748824953336819254033665623827172734552879988642172431426625036733825228557493
420901837252593125527313262942155768969713081679859264710545811742968972385928116106066737928822942266121412435515146711542386150897941808846704549599239845775186320
605356461098392791743260142370533473774717228394878163875522456680431513951714736795657260596697382932164651829049364325398826715945295812198984791668774977326248568
142767570984044897052383163875166814388857411846548127067103026425062625847762560471888807753927682925776502514455414857286285149945746307167117485617459925910284099
213130991938417713466090791696777950491823141388923081679889444438617083847973653246152144942769535777374682978776497025508333915056485488394791381310811655449374468
771863158774493664667482912149220988331328829366822396398784412501860683315803942859560128886285858565233153275631696185138114460108047228735849770473120321668275282
213065443289538881426988347726652480405729793247438938156890772360373119875877403163971326325415557450913895357172536175592389254985418912884690519263502171171599551
921482728167873272516441790139121546461122079375820282541597868643131209134138861944497933962869438739411862520618419922590246986909874239855852395968382614294593565
196466349618758989349178718833424241594695431624292980891679371997659930174455202015789077998969804441243023418789544498528278731393702761998689466417484714452855486
849925480918173689891349724815741261030795922201244497642459925968419648367924428803929854657862137406258565520561083718149217777706322916173124156591226804154924711
595388991683581098871115503283853759799463302968331553491777948743174162102916889818692010648747316337591470515844165189156661515949383136259116136494129255462251243
583195496352956333389948473567328731691491722353126966157721665104253145270443858212570415798452093382974661897719722269290782421156168821495293421111717734490987073
804326447112373024756869198861396199673375349974613487489158226888495397656876504735699182656569634124848184121094476927633738336133801713326915691731455877697197448
919566974609514299886524475933021815587129762131877365064638018116216147433336655257767344797763294712430294552743464925416383988468231799343289169116587181272627967
284132322240635548278125987871507310868738406573931665861170418013608171153881441551485578742699207925313976256883911142218548647295384470177161118017632033368332464
181477755195087895729733267214825696612377348556238809517842659301519631077402197794983778985348339674874822799299165373772949855919060898468287912624363833249445723
869842723838238339265972926173933861467424973027297851978631292297913298685557668022416554678252276646845046583950136163237298694317387783792241899876625569896551186
573972876409269274476242688107281609638596061218970963434441869854137807086707294795377381794238242951690109645673431516353787181896296883710325314929818609463184362
682078841360301149225411697392302746595282293880426522279233506010727890282725208375876938451728986411452431533569591476942497911360834930844659452280293951157848679
280204373172366224735412740328249121861502390201049943054672737167656277013262479768026307099993324841423409963359490163993112228329160553963436828834949732411407254
517227241866125472107147845577476742947922982178159239597960407286807097942044195899819136308168816877896554381418344838138385668243751788363163339819104330281070712
064863777965697176640609279409066777927838155107471532080865814812230787974272925682415384265843891923917511468696171731024386724669945424136658951672522176087811037
447735877656515560972365619421696153151696635811982362985383267474939228112161436852688322648855562022499366638973442676245768538183205989136848931971878553709919646
294153975688858659210681358206567809378764686931123624041425661499447397457256493886699774623684258845829266286503287403164519953138358985449696168848392563349812678
823950922657431516967670186398578420713072167082341328497122772171898881318936296228112211228033258822802764683456853570482458809497788035319450647431631568265481232
773517010782919394551948735244039572276353765196862453711796889257485146099211424897132646226266767205153514243278882304523985139349140161589984749249663696455131580
259898432221978618613186874616783855903662276852402692314762802368719393555673518619143555708180497470539973505879214884987736772318664769471677159438212144129851918
862555354118364943490625019364417948772519367179878358779506117569555738686103998181813295084282441957396181024779027535052238086694779898330516976406668718391972112
356474878332364493812699126391325417824630365179717054709164529781528022528630601863137669177249665146431423395224925012868148314536594430256296687764484867415168159
574756245324062578745589548139148358441684476535436636936891015737214211586112672892471979653608139609370767675861135532891574443927777701145396770548885516092439137
681413902010487969952513454124252593558864847455765031566947964376673382415166894094111679967739656739167013918266786847772638233316605182503859893819686715575262363
549501675275976249748119693285227642142384299386130992739767330339116518914724920241820906714431061754117691427543362286586818197688465826227583028428431949163226219
647680154613879586653771319882431890739918897595745016672335657859295720864369627220341755777737348393548073795799331482922386482089385594284991536736122244941240222
851177698259519738122222785767653589093791249648873645225498978331229648942545546625861172231222113303275346136517415228218766637138343437348826276842687324969624339
575573643080835049845031609157264181493447307199696724928863209139784526187897501767792027985099234386444839821275428492121735806095476067805979451930263032421233375
692554985768537189397698121691181175753772254282347559891784895655140443484583869949413964063653169277882487873704374758788958523965218674511148691272826876245413785
654580956650689318773435654623125595652796334592875480654078771186348616373130192722682217873045302849143045151588795881187879414065551114775521999158495960404790869
894316365882354762547251280999617789896149385514460706623621526338649402968378142729393296263799331532750817817185188619297526639579729533065646333614323962221538856
504741335727222789592410871573148820905754894866992586395292166450721549769499407332457950394330716164308948822520285381504796897674445714409163745392721669896759874
535749821107874864086911298821565384078691179395288965698685317201778823333592877532953292854553448826174673129841915375156947048778467305945713643501339431915645155
304779753621882470451090362086596432515923945443654376847592948946757361296779891746912896925112315660522691484999337479605824316712305785976371324550203840353630346
865609247882230653748145145133063968934539787946377475110251689268953734584923665552623698312685463937313473263592223767829546185116994385350627491131162693035429969
607892578524201632826554281891759441545634681255177231199224433135816787671181311133372043735474822871449616547138129796104248475673645212301062594063537490217611827
773401767637192498216564994223040263178142058483385865362982674142273805894253680259537393395359497914595973033263058606955551665527478734940168754956437932221621444
439311362223746688894363153157473081437929952513569689579815366022953513132326517173284462422671153539676241338187239118921431891633427891783767292775901161602784333
398937299788881159543196810473548616515778739916873712871448136111489216138116952253482914839933722361732437357472362595525411986928433673061625010834130981345771449
483650414554618943712354699584736792597198771042118736171852401991763643779976913175312980222170991878189114357175743038803769664330682141585749867047331544739061995
126203634486111162519488925467840938564557731665783826448988586383623831269387021867895846774862750204125569385399180944265867116106669228267319766809131366242945699
195142246733525431962687124785263227251188376067316271398292419315197584992427345897291014242463906191452986572166671025623254951923665384332775979174725278644673551
384807114166175914292954073353811664265656657194969547122635235147660555850134131345126239939528773367910853833993328563840545466333558584569533392131572916481153628
337749664342478121587196715980669823412464839635916328961748665068724655124694628460649824405441225896506914256081202942552314341794421088395619336989651016952012922
212437060506916696343359173848832116290115836647620392559958932408531503052209949659751594589362219142546128735265890299696666321783624568879423024309711573067282231
168776765592818269217924698541591464706871639931567193764455263134574627435575931780552548525842913545387849912689969912993213323926921948844354737054872668265260115
132374723915453167942516360528760597115124833712786414615859151719544874147341427507593464729872569525070451848785517202090494135976417725293399528767981245635614488
732387763281714733393956877513756571353918977692387929686523748434201145921490494348536641936718504869698662634659891983173566638216945647625658225374159244174477642
914506425228089112248381129193263818648244266755379459730586787656562179659846992396172439893518497895184626777231585825584903729872988487852488337706351951412834615
578494997552397786921789965686608611186264723165455891637714683337688286254175299719211374291622105537678358412120952696443136855628139898244967546033927189603332315
314982461679950802020238723353339111411489087835696852714336436513550574365886932504471731225271879205635639753178585419360961492551262327878906417452293259385675733
351827107763961274168740428047168752155269375911216013338746198726716484222190998173341398575893375498592819876648102667195467373734743014637121451187371257931339159
881862536336774583626622488453916209942214321369010869676507274496826144151279874557434264189335830324562468365743715888458523479305440926798555721579070552674854769
792899942748879073121366234670166420133329718658654631658372817382986811126111122762414252297941429642527725444881158167641793296626279719549180755913801276104393341
790659940746344278916127815508951113927464477175291953868586798644291953650119577976747873858229627157863567214853165579361135328986624926443144775226042329731168827
457074146449514612276141905698957719614571516168925510415145898275439341924911496167907486558288144246361599717633227377964175482730653967951765953270134974368239407
293128477991777738641179524262690167119599184745788259841426054585944445650969974517933595075555324219727753275235858669489709062583189676551923581273518154843118750
368618845897719983382847887457438819283629169494752648538676475535443473109837461822418493749292718974625622753899587195384457125253275331745870123657159879287596442
430757742993676921652941520163345101033553774328386903878423854415924732953639693265353369242159798142730824297474799244376758699409895137792797112582078399744433229
796045747255619052321177123835521290127774909820666765561540806899474040358089523454644574723525915942848846586460291954997518333777366872423229993812861593145176966
849993284157975939621655591765830347753859968603135591451376719321710431722648178241034893849802639775081252816809652462338412486788453669110609991217172991756616528
791171581492219759529230551132347413258482607717528244704587681423645550533534881860502527412850522317696581188789795750527563197560971578972419583192407995433285825
458705257829020964775612170452476896652664799391777637669899923561610815984954634113316683181804122481999454349828022837521705492471195593637413588292499196416427065
475126326454558381505474405525348598209311559711814299808678306665512747522196322731908463208798457731441966651826353960967986958480435715149168856532258040712043506
539392517409283881059855656598366177183926983414587672868782443132746879357493026448398889930353034971438377661598415948296413796115969181524893176762792407844719370
818258503872631886172686202691297822272184183766676612482541939640328581845526101488968189217449792117153761424156864035309460983397422399181862991685145897572346714
842426534369361436774932385289031649052285596144838681534946126446099766676977851197678527987345258809017103092555474261579956921782156862878719991716624113262256331
263524501762672736261654679995353780406739446578359460417564616475559942597979448586694414666051651648878742505515335821737743434297602978955581887154296652657373266
062123884102066184646293880201010281739813078526842534563784465366717833295699534853184899376718673634458803060778472779785236621471594242190253181121835119514425133
111337838835885546507824343554447460159266722636874910392386159157299047616334139117172517167238671092827876544279688911493839323542736030327136465626223773184845353
619179493832219582512573078793870791975557498942631429069857794787865634424803717496797441313862325533682656126646313907641894510253215526413984734321475138980187570
289187256516995412507438154011601516112289942576183929567570758586491295907231917187896297102670707350248840172378633291334498553798354843185227755076832197287925132
477375325983327557185241620572747247489893935601725757578978097241568328841799684608740795346156851286951949925696248527815184713602481898835187742228432359173928781
562862399133305174386853949851551675884284876956162688279466941814331125692432605125793316857245134992911729139731292031481114635140702123693127265544357324974593334
113661588206046627582982437723220959786731120959511734391278322205912466215763360181080815883675446413737929319772048278946841528117297218784611764126444786598726174
103723524169875865966381361293126982954518416996484054678766479486537765219311536399538825957086896477243568414182222216232975533155377619491997207056904738584321431
075326996973638555872558056245770235734491767367089304056236863782436172240735998374177122265632637907829375335549651237639656161317367281938616575757760129738201831
318555896298131820701282849888351245867653466290309812913561672958544484798962317769485291284281735155824438472731576052452897852838694198508869217942834557454174625
474765153415232674785344129128385567647599559889785895356263837711091142772567031119283961052872464877478681490815881257881408573993911229838721746493718665422481031
281275639537601899787323672487584661376222159286759053312150777584876884516144551032729148695561337153316324519166955567433029502892197630138096398467598990333645283
885181276696731737941632865674971187032859226927448412220198269581090282981348876747083455966853142553982844821678249455323734354176868424292856527766161216534584184
706683156834699456915316496297321730215987654946746368305132974497458572664422494496986148972132423273856797991732424849164667953721337367122293787256937950889196872
860887689893299713941683229754960915115321540661524422491271475764426226057443366728435728048734986498777546085796186103583396577677460434244911693741379665717543653
172486523531766229699117774879936827581929746524626695548540163351649285494210256739397686889541263717289718845876465285842070208417853128145138768380152949928268708
844604366844411501983336468972633775421915114958412644090474233918381199432471694137072506243673162891428866956302451968011929692474056981448567550708946582094891667
236879161167702872828041872934669061813073868136511674854235757525962957826778178340577515929762233430735515996276228347681639863787683037437682868376491665955170997
749446964981192402891898863577621542367958229461058967189811371103688953766103523508117936512361535598221267172338746884266323244873851112616863323929264764385318891
462857575410596743432978975028857787527992386912194922632668725149423312202638517833963719969367935154162881687077398597284250204270615736591253307335653623384771889
997659722646645724831868510979785398257227163947081801788105780706436281743573557202890123024653191572330519333236832299061766481142983284779667339197539653438384590
496327172211871277617391731897611878833669109099888589718225739887532150855712954927806190331136127188731141477270465613121560483190102883965632895084774667144955903
271261780709930765667985335746741736934963825966034666473939237378221758246264937283465155837378290924863452012666151617562201358104012924361128482157692486169894729
924591574657129434305180819738772518604336717611556436897569389043897695994075958194375259576433489185121681475731512683522694885772629371171218716980884868877873252
927683225252074579590321689867831387743549673445989158686103787507650696886111732207977393449722314525162129164635351431748414124446146588511763854255440765422536848
511096299788914616327720259561506639173932463722564698318714913295208469963255763332762757502566956979773635975056867345503827825031402071801967741390194523746180353
252226451227870294264748850377649819034743847749917277833109218883850123292204122878224293369916472182997684872152547337586451583151240969173581753618765368541837277
443735931495645344905451766018651893736984475034163673941884894888464077759040998018633662239877477879655847519044773843353437524627448995507127226126495150547512909
832653810382426725851302585949833944510697656243341941978175214772069396657719134333335104699503556758289249293688271135129782164884582693558942610126957677563751288
154547285510655379381794985815756195781339638092773948928699649412271510992116961222375117813590564690401598596329658847146674649274243356242266566062376175248757375
289971487306449175389627172443428322422809372624532848448364152734555228523791695822263166096643813181758949272592656914556314139313176205742918136668949308539353873
146972625551649551148314721180686717187397241459255017246618289858933750416054501352896899607159186020665247389220435823982967982716715056752664848585439215266544372
365213036636129139091877829199758572025735648286332103267839591657757208282485898952142694652763130505659888941288476474638795322283636172242953241358638655857663554
347718665633612138282368727512677142947917324465559898429915867430313920626360285888125133573074563121282774694711562919769768235166322054625934646040532055106290338
1234297996273894595704412463873597
